latitude=19.4497996
longitude=72.8120613
